V=-10:0.01:1;

Io=1.0e-12;

I=Io*(exp((V/0.025*1))-1);